1.174134E+00
1.169500E+00
1.175901E+00
1.177632E+00
1.165070E+00
1.160434E+00
1.159548E+00
1.151043E+00
1.134013E+00
1.127179E+00
1.138651E+00
1.085274E+00
1.092425E+00
1.085891E+00
1.085224E+00
1.083325E+00
1.078592E+00
1.079077E+00
1.069105E+00
1.066081E+00
1.054321E+00
1.049764E+00
1.052024E+00
1.049927E+00
1.046576E+00
1.047377E+00
1.036759E+00
1.044123E+00
1.024708E+00
1.039504E+00
1.029932E+00
1.038791E+00
1.031157E+00
1.024963E+00
1.020798E+00
1.022120E+00
1.021417E+00
1.007689E+00
1.018724E+00
1.009554E+00
1.031081E+00
1.019138E+00
1.019101E+00
1.011826E+00
1.013339E+00
1.001718E+00
1.003265E+00
1.011579E+00
1.006337E+00
1.006835E+00
9.914015E-01
1.004829E+00
9.987352E-01
9.988252E-01
9.994074E-01
9.924136E-01
1.005230E+00
9.978122E-01
1.005341E+00
9.964139E-01
1.005328E+00
9.994624E-01
9.955169E-01
9.917727E-01
9.897150E-01
9.907348E-01
9.967626E-01
9.929776E-01
9.809359E-01
9.913384E-01
9.927726E-01
9.860023E-01
9.939846E-01
9.853555E-01
9.868316E-01
9.875044E-01
9.960455E-01
9.802635E-01
9.800078E-01
9.891363E-01
9.782502E-01
9.772850E-01
9.749577E-01
9.739741E-01
9.744632E-01
9.702266E-01
9.714640E-01
9.729345E-01
9.817726E-01
9.709475E-01
9.740670E-01
9.626670E-01
9.626876E-01
9.748650E-01
9.663127E-01
9.729527E-01
9.616649E-01
9.424999E-01
9.598104E-01
9.760123E-01
9.616203E-01
9.622063E-01
9.649400E-01
9.607249E-01
9.521342E-01
9.548159E-01
9.537770E-01
9.525533E-01
9.606242E-01
9.489411E-01
9.605341E-01
9.517596E-01
9.499520E-01
9.568488E-01
9.558033E-01
9.534613E-01
9.410684E-01
9.476755E-01
9.436955E-01
9.396437E-01
9.408722E-01
9.435349E-01
9.421987E-01
9.402825E-01
9.340246E-01
9.361206E-01
9.311925E-01
9.361643E-01
9.391135E-01
9.373085E-01
9.286529E-01
9.283345E-01
9.234713E-01
9.289051E-01
9.311810E-01
9.235976E-01
9.221816E-01
9.251062E-01
9.117102E-01
9.217969E-01
9.234520E-01
9.242544E-01
9.191839E-01
9.100188E-01
9.119281E-01
9.261502E-01
9.209558E-01
9.073492E-01
9.268311E-01
9.078327E-01
9.154308E-01
9.075460E-01
9.105508E-01
9.072068E-01
9.133480E-01
9.108004E-01
8.932187E-01
9.064711E-01
9.090033E-01
8.983352E-01
9.000592E-01
9.003500E-01
9.026334E-01
8.956454E-01
8.982005E-01
8.948352E-01
8.885360E-01
8.936685E-01
9.000100E-01
8.917555E-01
8.969905E-01
8.908908E-01
8.839320E-01
8.912809E-01
8.854257E-01
8.838954E-01
8.867335E-01
8.755844E-01
8.839871E-01
8.812963E-01
8.834473E-01
8.779786E-01
8.873723E-01
8.745468E-01
8.783758E-01
8.650599E-01
8.769873E-01
8.598673E-01
8.694438E-01
8.674297E-01
8.647575E-01
8.725363E-01
8.582045E-01
8.696234E-01
8.643540E-01
8.601061E-01
8.763618E-01
8.494743E-01
8.623285E-01
8.497142E-01
8.591502E-01
8.631762E-01
8.617228E-01
8.512608E-01
8.530914E-01
8.449322E-01
8.529449E-01
8.452563E-01
8.461373E-01
8.488140E-01
8.434976E-01
8.413366E-01
8.414806E-01
8.503609E-01
8.397195E-01
8.418015E-01
8.497341E-01
8.441505E-01
8.367471E-01
8.305887E-01
8.301490E-01
8.365381E-01
8.371916E-01
8.382398E-01
8.339424E-01
8.348383E-01
8.333372E-01
8.455412E-01
8.291261E-01
8.343655E-01
8.237089E-01
8.239888E-01
8.185627E-01
8.303660E-01
8.264298E-01
8.162344E-01
8.147105E-01
8.136721E-01
8.076225E-01
8.219657E-01
8.024663E-01
8.138776E-01
8.167290E-01
8.135302E-01
8.114111E-01
8.097379E-01
8.039134E-01
8.145222E-01
8.092507E-01
8.076272E-01
8.040863E-01
7.968135E-01
7.935744E-01
7.961390E-01
8.075377E-01
7.948031E-01
7.950702E-01
7.979732E-01
7.990927E-01
7.970539E-01
7.909502E-01
7.940974E-01
7.939599E-01
7.844008E-01
7.851559E-01
7.793523E-01
7.854357E-01
7.847065E-01
7.774372E-01
7.799002E-01
7.829260E-01
7.816222E-01
7.852920E-01
7.831077E-01
7.719187E-01
7.724714E-01
7.683043E-01
7.723017E-01
7.719987E-01
7.742578E-01
7.756843E-01
7.722486E-01
7.691171E-01
7.543806E-01
7.722430E-01
7.633322E-01
7.577302E-01
7.632328E-01
7.618666E-01
7.572520E-01
7.552529E-01
7.626880E-01
7.554818E-01
7.547949E-01
7.588469E-01
7.593139E-01
7.490738E-01
7.567424E-01
7.535845E-01
7.495113E-01
7.462848E-01
7.485560E-01
7.437666E-01
7.419240E-01
7.413783E-01
7.455906E-01
7.383932E-01
7.453336E-01
7.343029E-01
7.337395E-01
7.417476E-01
7.381448E-01
7.298813E-01
7.440374E-01
7.282002E-01
7.303085E-01
7.374530E-01
7.273654E-01
7.250036E-01
7.132883E-01
7.252744E-01
7.225826E-01
7.267483E-01
7.108593E-01
7.202204E-01
7.162848E-01
7.149154E-01
7.115782E-01
7.159380E-01
7.140402E-01
7.245970E-01
7.177888E-01
7.137183E-01
7.115504E-01
7.145973E-01
7.020870E-01
7.039720E-01
7.105410E-01
7.126315E-01
6.958298E-01
7.023837E-01
7.041341E-01
7.139874E-01
6.939291E-01
6.967375E-01
6.890935E-01
6.919385E-01
6.996375E-01
6.932759E-01
6.922234E-01
6.966190E-01
6.908695E-01
6.826427E-01
6.968498E-01
6.970481E-01
6.848578E-01
6.872885E-01
6.900411E-01
6.993846E-01
6.918217E-01
6.891530E-01
6.822191E-01
6.842095E-01
6.697378E-01
6.875754E-01
6.734443E-01
6.894088E-01
6.721121E-01
6.798172E-01
6.780209E-01
6.779933E-01
6.694524E-01
6.680512E-01
6.653174E-01
6.623855E-01
6.776708E-01
6.596293E-01
6.726612E-01
6.634584E-01
6.677610E-01
6.605210E-01
6.487443E-01
6.526431E-01
6.615005E-01
6.676295E-01
6.567604E-01
6.524132E-01
6.519987E-01
6.577039E-01
6.502959E-01
6.517138E-01
6.450862E-01
6.476065E-01
6.410636E-01
6.443622E-01
6.424119E-01
6.501328E-01
6.544396E-01
6.524029E-01
6.445395E-01
6.364323E-01
6.385906E-01
6.430128E-01
6.430472E-01
6.427058E-01
6.461192E-01
6.314784E-01
6.424510E-01
6.368786E-01
6.426937E-01
6.275693E-01
6.311049E-01
6.371279E-01
6.215265E-01
6.271353E-01
6.276236E-01
6.370569E-01
6.304283E-01
6.282242E-01
6.240025E-01
6.334404E-01
6.185762E-01
6.304547E-01
6.151706E-01
6.217866E-01
6.228151E-01
6.144523E-01
6.188094E-01
6.185166E-01
6.154308E-01
6.118487E-01
6.119327E-01
6.095956E-01
6.132254E-01
6.096182E-01
6.105961E-01
6.054324E-01
6.163716E-01
6.080999E-01
6.079588E-01
6.037417E-01
6.096053E-01
6.037253E-01
5.998140E-01
6.056010E-01
6.007276E-01
6.095159E-01
5.894412E-01
6.043703E-01
5.905004E-01
6.030531E-01
5.961133E-01
6.011388E-01
6.071951E-01
5.975903E-01
5.965706E-01
5.889929E-01
6.071448E-01
5.859898E-01
5.885944E-01
5.913450E-01
5.913489E-01
5.864489E-01
5.857450E-01
5.910752E-01
5.860152E-01
5.868503E-01
5.920832E-01
5.899962E-01
5.766683E-01
5.839576E-01
5.784351E-01
5.841603E-01
5.719017E-01
5.865545E-01
5.857379E-01
5.736825E-01
5.818485E-01
5.791634E-01
5.785778E-01
5.683132E-01
5.747101E-01
5.648441E-01
5.716440E-01
5.718902E-01
5.771825E-01
5.671269E-01
5.727689E-01
5.661620E-01
5.559285E-01
5.714284E-01
5.705839E-01
5.620896E-01
5.677533E-01
5.663077E-01
5.677357E-01
5.597947E-01
5.617633E-01
5.614622E-01
5.490384E-01
5.692091E-01
5.502332E-01
5.578335E-01
5.708068E-01
5.548299E-01
5.592770E-01
5.554435E-01
5.551500E-01
5.476006E-01
5.594202E-01
5.547744E-01
5.521361E-01
5.460391E-01
5.480358E-01
5.498185E-01
5.562844E-01
5.499252E-01
5.422034E-01
5.442277E-01
5.458331E-01
5.334439E-01
5.494061E-01
5.514832E-01
5.455065E-01
5.503086E-01
5.384556E-01
5.510805E-01
5.467004E-01
5.297771E-01
5.450820E-01
5.298231E-01
5.372680E-01
5.291209E-01
5.301334E-01
5.386508E-01
5.330225E-01
5.386891E-01
5.381507E-01
5.282179E-01
5.367104E-01
5.410816E-01
5.407039E-01
5.355247E-01
5.373420E-01
5.309941E-01
5.377308E-01
5.350977E-01
5.269824E-01
5.237889E-01
5.257788E-01
5.299239E-01
5.261668E-01
5.225932E-01
5.367314E-01
5.318921E-01
5.246770E-01
5.270280E-01
5.248574E-01
5.161749E-01
5.226064E-01
5.262416E-01
5.224891E-01
5.106720E-01
5.067461E-01
5.124367E-01
5.114638E-01
5.085071E-01
5.195110E-01
5.119689E-01
5.141011E-01
5.220064E-01
5.244997E-01
5.145956E-01
5.095841E-01
5.090465E-01
5.111839E-01
5.044952E-01
5.081059E-01
5.003898E-01
5.150966E-01
5.111955E-01
5.089348E-01
5.053411E-01
5.051657E-01
5.049201E-01
5.028975E-01
5.032293E-01
5.001227E-01
5.022032E-01
5.063037E-01
4.992694E-01
5.049241E-01
5.044831E-01
4.972685E-01
4.961455E-01
4.912683E-01
4.906230E-01
4.994034E-01
5.083106E-01
4.972233E-01
4.999638E-01
5.069855E-01
4.877029E-01
4.913962E-01
4.976485E-01
4.986029E-01
4.941347E-01
4.849620E-01
5.010752E-01
4.966752E-01
4.918638E-01
4.958394E-01
4.919477E-01
4.913537E-01
4.875283E-01
4.823856E-01
4.877908E-01
4.818375E-01
4.983365E-01
4.899644E-01
4.896476E-01
4.880415E-01
4.818639E-01
4.941925E-01
4.859070E-01
4.809025E-01
4.841914E-01
4.812185E-01
4.768868E-01
4.791566E-01
4.817013E-01
4.763771E-01
4.733590E-01
4.828634E-01
4.837737E-01
4.845392E-01
4.828120E-01
4.864928E-01
4.836355E-01
4.765671E-01
4.811729E-01
4.828614E-01
4.718858E-01
4.883934E-01
4.789315E-01
4.665094E-01
4.806728E-01
4.685699E-01
4.705913E-01
4.711754E-01
4.864137E-01
4.707520E-01
4.790809E-01
4.684470E-01
4.735751E-01
4.652445E-01
4.808384E-01
4.677648E-01
4.781967E-01
4.617950E-01
4.662410E-01
4.622765E-01
4.610237E-01
4.737916E-01
4.654804E-01
4.656565E-01
4.646910E-01
4.647803E-01
4.655541E-01
4.653058E-01
4.555095E-01
4.614643E-01
4.648051E-01
4.694115E-01
4.625939E-01
4.645815E-01
4.669131E-01
4.732808E-01
4.572967E-01
4.664111E-01
4.580024E-01
4.610194E-01
4.649684E-01
4.579984E-01
4.641293E-01
4.559300E-01
4.539777E-01
4.581659E-01
4.525963E-01
4.537521E-01
4.493046E-01
4.599528E-01
4.620629E-01
4.606955E-01
4.542273E-01
4.511431E-01
4.596326E-01
4.537226E-01
4.619585E-01
4.575906E-01
4.541487E-01
4.551560E-01
4.477928E-01
4.498249E-01
4.553329E-01
4.541611E-01
4.528604E-01
4.463188E-01
4.488620E-01
4.535952E-01
4.534860E-01
4.519106E-01
4.436932E-01
4.539489E-01
4.508936E-01
4.471049E-01
4.450527E-01
4.483406E-01
4.460092E-01
4.499128E-01
4.453180E-01
4.542193E-01
4.423881E-01
4.427481E-01
4.468194E-01
4.425271E-01
4.426146E-01
4.399313E-01
4.377363E-01
4.421619E-01
4.478623E-01
4.439798E-01
4.432431E-01
4.376944E-01
4.352114E-01
4.428837E-01
4.362528E-01
4.395692E-01
4.424562E-01
4.357962E-01
4.424347E-01
4.435270E-01
4.430347E-01
4.452410E-01
4.391318E-01
4.378882E-01
4.356492E-01
4.327564E-01
4.393998E-01
4.367114E-01
4.340091E-01
4.368540E-01
4.302645E-01
4.399717E-01
4.277634E-01
4.412681E-01
4.317866E-01
4.244452E-01
4.337184E-01
4.328891E-01
4.359057E-01
4.359342E-01
4.319354E-01
4.354367E-01
4.277890E-01
4.333698E-01
4.256036E-01
4.350003E-01
4.304897E-01
4.257166E-01
4.312073E-01
4.248248E-01
4.184003E-01
4.224931E-01
4.293068E-01
4.354257E-01
4.294484E-01
4.258128E-01
4.298961E-01
4.285106E-01
4.375927E-01
4.160297E-01
4.232137E-01
4.221943E-01
4.246625E-01
4.376760E-01
4.209207E-01
4.254337E-01
4.243362E-01
4.274683E-01
4.234624E-01
4.275435E-01
4.215768E-01
4.244026E-01
4.182774E-01
4.313988E-01
4.279426E-01
4.262244E-01
4.234291E-01
4.230958E-01
4.206574E-01
4.247992E-01
4.137125E-01
4.223173E-01
4.255221E-01
4.188795E-01
4.169368E-01
4.218212E-01
4.140942E-01
4.348141E-01
4.244473E-01
4.207889E-01
4.224755E-01
4.251938E-01
4.248409E-01
4.089129E-01
4.118924E-01
4.152901E-01
4.159461E-01
4.089442E-01
4.144785E-01
4.193508E-01
4.131079E-01
4.126165E-01
4.138139E-01
4.069284E-01
4.105834E-01
4.153976E-01
4.090710E-01
4.132519E-01
4.205259E-01
4.159167E-01
4.142624E-01
4.034321E-01
4.133820E-01
4.188501E-01
4.116943E-01
4.162625E-01
4.030224E-01
4.131359E-01
4.091179E-01
4.165809E-01
4.176525E-01
4.047465E-01
4.063259E-01
4.114077E-01
4.073034E-01
4.101748E-01
4.078746E-01
4.099264E-01
4.059205E-01
4.056570E-01
4.200311E-01
4.163411E-01
4.057499E-01
4.111535E-01
4.051179E-01
4.059675E-01
4.113728E-01
4.073213E-01
4.160824E-01
4.073995E-01
4.129604E-01
4.135542E-01
4.114309E-01
4.017592E-01
4.018917E-01
4.019214E-01
4.126835E-01
4.048265E-01
4.097443E-01
3.971682E-01
4.015641E-01
4.039000E-01
4.039412E-01
4.027997E-01
4.041180E-01
4.064379E-01
4.032309E-01
4.059161E-01
4.024542E-01
4.028137E-01
4.137925E-01
4.062060E-01
3.959207E-01
3.941645E-01
3.981582E-01
4.156575E-01
4.033217E-01
4.044154E-01
4.011222E-01
4.044609E-01
4.056911E-01
4.060022E-01
4.029923E-01
4.055426E-01
4.078232E-01
3.960564E-01
4.067090E-01
4.045641E-01
4.035255E-01
4.093029E-01
4.021624E-01
4.046066E-01
4.106936E-01
4.048016E-01
3.925287E-01
4.073974E-01
3.979724E-01
4.042951E-01
4.044467E-01
4.057001E-01
3.936589E-01
3.979788E-01
4.010108E-01
4.059180E-01
3.892384E-01
4.016013E-01
3.948066E-01
3.981619E-01
3.935652E-01
4.042441E-01
4.049862E-01
4.027075E-01
3.951287E-01
3.948772E-01
3.964272E-01
4.071829E-01
3.969363E-01
3.933016E-01
3.996827E-01
3.917313E-01
4.000171E-01
3.997939E-01
4.035411E-01
3.968084E-01
4.011261E-01
3.910192E-01
3.959630E-01
3.982891E-01
3.961692E-01
3.948137E-01
3.971135E-01
4.046252E-01
3.981233E-01
3.967085E-01
3.947076E-01
4.000864E-01
3.920349E-01
3.984196E-01
3.987740E-01
3.908920E-01
3.922395E-01
3.989395E-01
4.028083E-01
3.949680E-01
3.908311E-01
3.959034E-01
3.883653E-01
4.014746E-01
3.933168E-01
3.839383E-01
4.006146E-01
3.985330E-01
3.973461E-01
3.943115E-01
3.973110E-01
3.832204E-01
3.950129E-01
3.873687E-01
3.938302E-01
3.947091E-01
3.935508E-01
3.900751E-01
3.956293E-01
3.929150E-01
3.881471E-01
3.898215E-01
3.959239E-01
3.843442E-01
3.886546E-01
3.800946E-01
3.957521E-01
3.815133E-01
3.772702E-01
3.916807E-01
3.899960E-01
3.896898E-01
3.870249E-01
3.828725E-01
3.850841E-01
3.841627E-01
3.853878E-01
3.903624E-01
3.805759E-01
3.869253E-01
3.867507E-01
3.873474E-01
